664213253613946
543936692366349
813956892027077
1403963539869820
873802282699602
276290659220642
111801928989333
317708645060582
689897304394199
212925805509226
1428318050766724
1439373616369840
158488930866186
161424910669892
1700562940179069
152423101622217
1411503999078742
418398114863614
129042363860333
308281602708113
1725137201036512
226344394178679
455483237874593
639993739393517
134220470074878
502719866581150
1664944017079725
320778271370772
406614229435134
335167126628860
1444090092525988
953074748112169
1021870784529053
236748429759459
341806999189964
207536859400066
264000107035438
569460929754112
492316427457349
496783317085402
1603093816611022
700586446633971
437599606321623
192307200852015
261046610706331
1616120698679176
384707935065767
164397050437065
1066900643390059
589518161095279
319547991476253
686261088151028
1380711398627035
478203675639875
296496853804258
525255387522855
621805964600027
529141683781602
497079993719966
402092456570688
1405453876354099
168344876870213
599272083500923
1389353807986776
125489490954948
767668079917705
1436787696585859
404355329582339
164976123624371
1603177593283052
377122675728154
497979503560128
178068829065384
616137825103095
244225765732894
1450284195232930
1672678132949328
297906577042130
303954249727370
255134931261461
646057298808464
502692343130547
192744594212208
835064046588055
146505435499156
171374519700866
541118582697226
124025154457162
479720692110436
110592765812876
1496937103877197
402908229851158
678409515504518
650918811628729
808356402550201
591747404203476
373180522786906
469721433106545
1398526233695534
388273047929446
541562405882827
460630344020384
428758377187389
1423743237841441
319641144825770
802258309865126
418748221489669
100958773687307
463792650402491
591370934291804
370329533095214
385698971556228
1391187897772704
116855481800567
540604379312738
298643870483620
404588843007266
176562242365881
236280963155279
296494033814172
249442511875109
391964097571505
416243748396518
1465944983618321
162134544213371
1382887395321478
248348688516805
142475742543344
124811351012671
414829095290449
122382684558749
577771252303991
547818598604186
1431247723770636
682353761779310
462874497125788
517495971696925
1416082845386809
311414029250163
658786860860790
261507203990791
458887150788580
1435158333388492
1036876486402535
307879869261026
337642512982324
731625330200069
364840910292870
286527024787636
439376159487018
165388567000324
455914847818867
353787041364938
1439256822956796
1026545000731742
540513905964101
432859810124674
1442852162684707
1679447878989518
668612836502675
361320780681134
487188431361215
740785755979008
508456795853710
1378592192361378
269444683156544
502915596444638
213326138703612
1653008781579139
521710417910388
472251072850170
455140377926843
458028170903879
194228537352664
166910966810690
219207424809040
413261928750869
378628615584963
365346650258127
311448945653148
299930383513846
526997654046274
183039221792413
479429078758311
1184311531684322
304166056387430
510302215668173
235357153260817
587840677900770
1403915439878131
314880845317893
302125433261928
618603268229511
138500103017586
227452904126917
1832319110385320
628810487239665
1230531120298137
536998403064059
262118973903786
239671746104893
406044422840163
631417143621754
511086955629055
107621422712661
195509603949074
280884145386224
218789341568271
464451570343705
299114880467330
147505268784222
113060635519937
249978345123454
178776585579387
121834801324466
332679606748048
1422254954701296
168547473337670
459989904019422
395449180569705
428674280537996
205316802939048
140363819452455
1407879792768122
409698152466624
141985019287307
111257002373913
140274252811477
327344064118044
289537967832145
154246454735700
691218667671000
289456697836530
677114585666449
371095956414137
793749377311059
1571374706475511
729317190482452
1375378612704272
758218534259831
1400780890161069
215627991915327
715286905214394
1555886054676815
338954876271957
1576769775933701
1481436992129939
309329082411529
1585843381635519
1475241802720043
274289906113382
470801849625076
1509102202656649
1598802663672960
834573499956095
804200556310643
775434205868681
333850613491188
533811160088609
386768301412902
675626062468834
792886864096930
381952678571580
341505089219088
659855717361469
449973888466664
432100910224405
1450021308573082
547636588684181
1422386644670437
121008864714161
527154164026693
1602880259994584
1464872613783804
275622992593473
453201664754779
808913469148176
280971262111845
375467585908569
1756673444557197
1626983420866217
1496584640627421
1452171365094153
105958062905456
1423830104533907
616669081742249
736299499794214
600961266618116
730166697035289
928406990533859
753324381369262
421866181214814
467758693308186
1598226840392616
147422292109296
638060612920516
449880331833292
1435533623349471
335026483308751
394307824037236
655964817786605
716376941730655
811020838936857
484372018242546
205259989659278
346394828894805
1484166655196088
1435363333451888
1511357129116528
1457888104522255
490480337638865
321380124580642
846002345464459
1584931965096303
199335256902117
703728779655772
481526471887291
204709569862203
206803496113402
972384656134944
811570182270958
338397876284709
396100787194997
907955075910002
521862454523459
840105706025454
600232743345789
1423091611287591
1444399465822787
386412421458390
937928879555903
1444579025777168
422059407911189
202906793231685
518253828244031
198589163601205
573587806046769
491521470896360
880228235362633
634576709989670
525022947583357
1704950829789706
699960913371411
313174032210733
1494472884157794
288889797951435
1422411884660631
284847538319374
1561875234034618
375535345932425
1455484708004372
620426141387376
606395859378947
399414200108826
305554482937639
135092913363626
720066281341713
838556736177574
412606922090802
181244268730200
550615318382871
505838746222818
505025226176845
429790260424007
513918191960593
408445676016745
654584904601815
400503333463358
1433140626908082
674436379288371
683357855037899
455716351245198
829801460438473
1484686618491540
448378468579741
1037566069634319
1412992732267257
486327354745492
1452053485107499
1493459310926827
367775980083022
947336858642745
199892080168147
429137237194787
545206412228291
1383023205271662
569610219732038
622291861199322
342577265845951
109932759184422
960088167344521
1775610912680048
276112552529408
1490794807815755
867831286633382
1400165573535980
969427943079025
250911288365510
5583094577
1450914961900742
511410065623778
530147273709707
365742240250147
881374731888167
1538955996337409
155798474595630
588489394507960
287927151352197
1520992218173757
145900912247403
216206561837967
507800952626005
130149553833067
666858453356022
128500094012822
336258123173403
1467249710166934
155340571315038
432687070173527
931477960210548
253819101486989
416542238463096
607873179293525
398476276933734
635244283206102
544638882269464
239210916235252
296260520442494
274640802723801
801217183302419
487706088001439
508581712550604
140875126098578
705877432832798
647236795351111
304348103056681
1661737944059411
102012199971674
233906960072149
1393805204165094
529496520416049
525823247456197
591390800935838
529335297150455
243513465777382
189087814575534
317789791677182
654994924526222
611402149003509
1614774528750347
655172744527722
424971397633888
478029432345877
811230035574099
217993911722678
557743107616252
958747204140468
310639522365297
855377067857875
504112389656725
238305366379829
159859570874226
517772401618874
440037299424562
1391324054432718
470801933009351
1452832214973616
523687464429783
137036043152838
196668203816834
213876842088791
393149054104805
581337888659134
1416144188620085
582142568586286
327921354011409
368734706605301
253481164851985
654923621201723
617379394999288
1374847426156142
1439674156275508
382407318508866
1413489052250516
220562411481647
223176151225672
429639827113384
494841420660872
770538532976471
162800097249100
379514525507205
451097254912071
249107498605429
571438159571096
721777084598266
121841284637772
147697052073158
215380998625040
681540408554900
444944158885936
1493954904201171
363740610417167
356301131236002
526940923985274
766726036727954
702036319817964
1471163643113128
1383989721823551
1593199120895299
1491201997836125
113194592213196
485810231495484
336639366457584
750954938279899
590036194402421
767930889904429
827458477264295
140433282777869
204962153024622
155204124690858
402588783129749
347747765380509
487699031377171
1430098330538324
636136599814959
1495745320656332
863173430377094
1567519053475640
572086506237059
599342023518828
1442755352679122
835117529844718
568614419841009
942701439091580
480491265369764
229801403805154
362670063897757
421500651331797
221042174731135
926503150701088
223103287863095
346969148841623
1023871327629718
537472729638345
503361859776852
1431559973760322
34953421480
394712530639956
314332925378620
666913790037167
576573102355743
1497443620489710
185524071561637
1506756242935788
317676141761477
390126964384888
237172953082633
285111211668173
748468801877102
508319515876419
492727220767743
507331632659652
254371488027631
512040738928376
360754520735282
1512736212306541
360302077419397
181355498655169
1098883993456925
399334883466636
258652687652141
365430263578201
442680539184433
198514153660981
464808503635300
328011114053485
1512583382298567
377155642451056
270139599850174
361353490646320
683754128400888
670073196402051
369933716527142
151731188311123
138421152969848
598058316922460
328568363958673
1450484458543177
1399276683618714
827286910669177
703824939680563
1439943699607230
223020064555532
287137674738418
230052790512958
561886073850454
291699697628721
520906491322601
1489625451303606
368368906594623
399200730172122
766301690095648
587806481229657
401144643234684
494211737351983
164494803716141
222581624573034
121845167981692
162677263905838
131942476971113
1659346994281244
470253483057898
787239077959685
427156300724114
182232465288103
1383603138524301
795770807111864
181076082016112
1469242926640355
617884238288731
595487823818517
1507763392792098
256506321136779
339055729578546
466784070050600
397007276996670
314580532060977
366128376795981
1430671803833023
1476584502560136
386010184891463
1497661330485998
384901488302274
709433522412766
1522587627960021
265710916969995
528749503805964
1588084951417597
614254755257813
1432163670357360
171661623045120
483606675109750
1479281125643412
617382524971017
659480830804867
409600932531800
240727699459471
368095673317414
1381690442121822
1420041964913568
556398914416618
853970194634088
1437942563117051
250183271807096
333701306780666
1517161771885681
252643108244440
298775353664842
127424380799288
180778182123853
1496205650622311
443560215664126
1423784677911033
550293391679325
1380320198855341
520347048081946
319606151542765
591353674267086
1472864506327791
295652373928257
160190097504743
349123658500823
1735770319980946
305755706265216
259779134145710
765262376879707
1584360018468963
654445434607538
356331577798787
340069199427388
140564066097600
835369213173865
638561022896175
641567925911325
1871173863024064
279607902176729
229952120519875
226742130808657
503948796473497
740213079362157
402863503150842
627826170629723
1608174462791409
579491768861755
615667895161219
363270137175224
1399596516985712
487726431352762
324282121069519
650532361721180
763958603616622
288851917970579
629547940423762
505956039432483
223368414411843
557986047643709
505627839499760
1500534160188730
526315017425787
1391839544361124
477873492245586
295676237247087
1627991397487791
565296830164915
302951966577704
1517908121759908
224179184373332
316047025163648
400873926620919
367435780017049
1435937336684696
1374586126199720
554238241352179
370792299737293
450891621651287
400137726751963
581483085226795
256068074533074
785132508206248
1405873233012183
119825024855378
393942560724396
523605714387408
211317962392030
248139531965944
168644419918845
296121017215248
141577952676960
280228428751214
300524463381349
1444262615835696
159498217585253
169460329876782
447090225369820
1397396143847157
505947329464519
156753254535110
1525261944386502
351950478260923
991122820903217
464259240310857
1402258409988996
312999478812503
363085780456505
558955134134645
332680776818123
410548869024560
440086962722496
162794950559637
314052652033415
276506179212023
142771332540833
412585692132814
223718257834527
452427671473762
305738122936521
187192081431941
1374652716104355
793511760707046
383124135121251
273253942740902
218900121597522
551176094894482
529048757209073
1430994313781029
427192987338805
1419282598321118
454101561371294
584815298302994
622868994415911
740355812697002
378906012199476
491499424248852
265172840291358
1465793266968953
1448523968728225
106313399521077
581132788583609
571239979634145
1523543961193987
484333081639681
492975154086100
1537050943175343
1481185308803137
365725413582998
1507351469485801
709473845803339
548012091895772
299902980114464
420900538017241
511600478904795
177046245700899
801676586524024
275366155931158
532428266814924
364536013671163
736393803058652
429739003748331
477642385661700
385064068292101
1464042703837365
781482301882684
1428907317373670
262228837254853
458759450890769
303649013115422
415128421960918
158454357674278
287916198021086
512410158813067
258149347723183
118375281679446
217820925081562
1481800395401698
731397190253071
544782215637278
267004930117227
484853944881691
1489179244641044
384914524926691
499711043507592
335891259873777
724248317638041
457625724302897
467734193300925
622404254439598
331641336938954
100802116791906
544805902299221
290743394401223
469316696482997
833098036704403
1490426667841777
284685614958849
480606848709224
1461980934052646
707912892615673
705094632874991
330568263763959
736908129655756
293575914184180
148843961942829
1386242048253905
504953822891627
730728530306007
294474214057400
1384668571808468
1530807683807375
211671979027636
477116229035236
604361039632784
126198084244004
607730985926019
258499434174902
577366105723119
1452632271661360
413827038684377
630815303598895
276503415859289
1386159821619338
776217089072705
473140016095372
588333277949552
136692149842621
146927445493030
117961855023969
503367993019804
277799995696923
385634584887267
653973481294333
497260823741812
1470740596503169
219243651465830
292640077511326
521387177904310
375043089268543
1463116833949135
1504915306406759
361786550581169
233402173455617
224550424376667
609467945838464
293879590725158
1434113756803902
301421113293251
247913681999245
426580727455278
1000241086763778
643704435670686
212835518847599
237138789803493
1476223675985456
566265253424236
462729080482878
702679199780137
453966907995632
1029148013829964
138395219693002
861587567261268
251914088291311
579617002114633
202811289868170
494813010591268
670337896377917
1674142719496188
1414048092216390
2124302684375505
777073142304071
475535299184024
1487934034824022
787789394579427
288462907955337
255122844688937
276887092487826
291206267748629
114036425417058
262999337143063
324157804388499
242860199175601
595344497162334
140822686097851
466378880076179
816918938342633
1430939940504736
1514689058761664
544725885588666
1760660800845284
1528918283994068
261490097375870
339579746174232
677408858948025
402624856477285
211130185688994
167869700070765
275695145895016
173517939474409
591667534274495
476870345721817
543631652361562
399795063442490
344267312360838
1405451009670072
383071498428536
551132544930490
883217918371434
381461921950305
1486721481558732
390039354441235
216229858507630
532690700117309
263778497164134
1427318960862750
314386875340465
395733830511064
872552406090698
538441319595235
649904388413286
145171988936202
525506037471882
633672183406922
164500023723518
248234825317003
420791474671207
344210382400886
318851581593304
237740736395719
433374266724043
308070189298956
200224946772803
333182156826850
165893753566172
421280811346616
527152743971041
188388997961744
776759565688940
308289929345665
655259124490356
470377956366893
151785708351631
609996612444253
239357096209182
418450764871490
140510416098595
548018048564158
396760597097683
322437194472577
675601465788742
276899085687821
651988354839211
249699805191895
683151548371382
105520152956149
165856516907905
783229055026467
241718019219812
478864355516389
1391827411055781
368470416589867
671220739579841
262963757219022
470691842952836
826512614044005
1547048332187896
524791880981234
430845600271475
252160214918089
1431931257048915
499284666769436
710362395644893
150790798405792
371860829657395
165051416987534
720843847964095
576322252398732
386886964699853
1388955911346731
1411095429178430
422163761228810
230698320450374
377690072279781
255656804603583
644456252276385
205949362890942
580583171954528
524271090965050
443514492363660
355946137858125
527166950685185
1386893718213825
544538768922173
458259897611516
132849946926157
550102815030414
717337981629159
502773563123581
125723164264733
293081810845039
455172354573066
462616297149140
304657996279026
830333570315393
131095503711083
277314789020591
151099741760877
560346474039037
598548573503100
325951164189067
204979903005004
475152165861542
357267737733498
223656797787699
438458212897396
815965008417269
367595376715972
321227494655218
162087350659201
272905399508308
302651903207252
290044817799377
158014041066177
689327327773807
177290572424746
173055342819728
179531332253558
533888623326157
601075689914134
378381665614392
675648159128480
511652188894289
356482794446720
551411448241301
435327666534396
192783627541024
535558089803809
464637300289852
200919483347945
609146435800922
1426993137539676
545750752133587
192995284168269
1412660085628499
198844110280262
395366987182668
692626887426511
223411137784134
184907321648600
249111611889257
550986238270044
207553626047865
272831046166750
621874267835157
459858114099526
356464264450016
271954842966196
155567774634371
546408322093826
255858994511081
672070602855749
418075011655578
528156073909123
483375661740295
621964401147123
1397266583850689
150335495171391
450356978348522
549301138447203
437649139684777
601248373231300
236477033169705
700667679968572
247968175313172
424421500937371
574892495876099
469043269825251
1386826441593642
622682974460063
409146369132846
187280898094503
581858508499228
704193479598030
503095926407273
397252593687819
497349690314722
261432100568475
1421189084780804
544409885584255
226130227580827