1482763285376270
1993216850949747
616734738469807
839512079410782
970460999759084
430871117357264
1011994382261888
1173397829437813
286159854831248
336646123098114
166532337260749
1774556232796843
1818872668168384
383453621698654
1868716319903633
2662740637283746
217118842221948
1906700476269725
531955030482669
218020828691549
251853049051254
784464134970262
783621361984074
264033034424959
498384710324271
2092136811045176
286188062104274
2023629057965490
525036991190040
374778192987020
1325349100942974
355582111595638
