473229266093396
960817454086241
246250842462536
143842886540972
1737182183266988
288752098204336
551674728552614
437774886659311
530101973805266
624302077685056
353507351519714
1224420087748906
142634989616588
637339273092002
247174132517517
342503469543891
1930622890490023
2027820900828763
635025043354305
224497414607928
283003885547954
182942155940191
1342125532575297
174399593205408
217683582317684
165848827437949
251730105020249
244969683036873
362288754272227
343363069522958
1799872423673353
210277302658476
265195290539036
652555391451444
1989650561081538
1804398466291222
136079293661107
203140840183228
