1836586336352280
1059055230864419
120111981954865
474964295894491
1699743573589173
189472918189389
1790844917849543
1061101400622178
734005030024948
218155931951207
1008644202602630
646843052104110
308469162921491
164387817556027
339222469503106
297055934465317
871681849838714
1687627638027168
242671462802174
1638788603078857
557658561265558
206471013099425
678979332204528
906806156042904
1186103691536034
2116974801869421
1082211778603881
1589236578068360
1253828201293864
294353010688668
221577621321210
1705996439628127
429662954265502
