412606922090802
398586173659023
1713156472068928
1808324582763704
611170492676535
607730985926019
1045514148847440
838556736177574
661347883976949
2052703194786788
293109834699095
1493045210989363
199692070718282
1512759488983622
421394151392593
290299138074930
334828443596916
1309274602502017
1705226169529581
101794786835499
850989084983008
1459466284356607
1552117038407756
1091242187682197
168682770373635
810280765750324
1551182055186963
227822721085994
907552059445112
2104322986518472
793408324056456
802295493297880
2656949114529581
984488754952592
1401936963437219
247937691987881
478653879157404
1565232893705048
203775426834137
2060325050882807
209366732836109
707044599366713
1899301687005594
1210793319046349
