1781579172115383
1507285396235018
1861101503913374
1349840228390592
1840634326193624
1290361217685929
507675372992514
264846833886893
611063179068300
541154872918896
1577594069171903
102540356580343
1645125642395425
1950494171699458
2153529108017980
1590776674331678
1934630236765794
1276954482366973
511441265559595
242389746095657
256774987783290
511015339230258
1415497898724149
423707044485173
190227648142747
745335618917984
450997711918331
1498810003666679
788378327846101
306641166382412
1116534608482160
483894068365961
1618911355006587
781074362021860
316172325424225
1573166649377023
421362878221885
494023894278277
1743075605944540
315932275496383
200914480552244
319348525333609
540967106101558
1761231377490564
202114470134549
1624697731102217
101624830367226
256506321136779
135108910018272
