1507539196196337
180562725684345
264846833886893
1455330608067225
111898629482737
151072385596317
141131889801804
1971296379845800
823470197790447
275376726006262
205316802939048
955693111141089
1068745986558843
1420788988197718
2028112377411325
1744838345755577
427061190814972
554083661318390
1216335998458228
788378327846101
1603993279861312
346394828894805
395733830511064
107621422712661
813956892027077
122333431785560
711816275694043
423445804694624
284674951892342
541201919560872
423983654610121
364385050590595
400053530025568
430163514037246
696597183807295
429447084105816
710910929036915
1514522885429840
881038365256997
101624830367226
316172325424225
1013428392022960
1452630678157228
202114470134549
2011933439061352
162658957736592
502300406896326
312918625968460
139356549943043
121975125266816
187900775002943
158097808063380
1231096663657877
256506321136779
550661458349526
1717574178341246
1115741195142291
1892888784335040
598268500587494
135108910018272
