2201707276717701
134836113237770
193431714932348
1603993279861312
116784378434861
332879890485999
125377341453804
1450031668639866
519004635252285
1528024990860458
960828730728115
113812379464929
1764250270507360
165285505979
1794236297511942
2100678133288788
227637840675310
1007569969273269
737452329661021
224386238290200
1982605021961632
1746262395591509
2191691720891582
549168618900986
1505623286417488
1924714541157513
243009369599576
235900310631326
2279154865667443
124289731770175
398003403998475
2135664536650481
1778983095733809
2032542293708308
343902183188236
257400908442814
1631658580424427
109970082982167
