662377427430236
789812064433929
1483958064975963
323612197999069
2355328941406153
211713972586569
2130643350585039
1408924839380824
583092251849950
2173121592954569
257738445151683
324586878342471
249427069037709
838932202948678
426194484198498
297684963754824
899893590168381
281177505842569
158520244658080
183049715643271
472242793142684
218957308777753
697724403714359
456554221161919
219595322019291
432857773445980
1778329952463582
137456976857706
1647035302222050
225922374546831
578764615892735
