159541264842922
1911119432502301
154362801673336
316172325424225
435539123666388
1209295105801230
746695688842285
1920806298166285
757230801335941
827783237569352
1761231377490564
1069569279851010
319718041464688
172140976767017
1572057839534856
1809429052642426
1237615966364306
190227648142747
246521329386809
1798700927119563
345736499306871
627125170971082
1919317838087565
1384506521580724
1498966990152329
1153076371492922
1669243136660143
759159934161635
526610367677339
463495343661394
175009985968387
227160357480870
307963623358864
384448185237185
184085025268369
145971692474202
1898724400407236
1362279090456478
1792598261018671
781074362021860
1573166649377023
494023894278277
179112262432141
264292347041953
1103048153082966
788378327846101
202114470134549
603879913082562
123116161619507
368698476630471
285796221905705
479843565793652
256506321136779
