291498561278727
256364138200397
263245977200582
2040623766258426
1456603317746518
136370076852271
1608989836048256
1569566529975884
1662859674027655
1501856229937841
1750138841922303
250482152372030
205160866726162
310567196112694
212118066053896
1003848429676544
1614055482186552
2080370278850183
404843806593645
319576315089255
164327147058873
672731112892872
1494266937319540
356501954438477
2009374389316323
348843848825707
466847080182452
113629582628792
257491907968404
2057788274498622
1487324681333512
144509222377774
628422094216670
1504593446536408
398915450627591
847932121939005
1971812306434003
586777711837288
338453710408868
1700826713286223
328540941015788
1844684072472092
1567993293444950
906838979347594
1589672744619559
570523296686828
320727128510010
277433902461627
1850080241877304
1672523529625905
2352879674998271
858486277639982
1505623286417488
1814486505466686
1114124581999638
