2249313381970938
198320500563603
1676555705774460
469091279798546
1603834589937870
296710490743978
2111711962477421
559519540921387
281751448830684
1705781236189117
1504471923018551
1130526276974681
1758891167741515
828190627363498
2063171010627081
698054610300465
1920464221341654
186784928899877
402863503150842
118111118897481
817661351938806
140379236695471
2224352437840386
1961342277498996
2013288485652253
1472307366403876
714897628630801
1412697895633081
500357700439800
133357823965143
1324920397518202
957221967712714
1516011478692091
1970453989851524
1017461941682778
1781111448857031
1750059998412351
425149897527880
