360211454491641
1616010558441611
1475290455846087
1214345218683346
369567989877755
251216675288210
276477653112546
247666575780671
1838677626461498
1511003708956033
309002369887619
1612728325491863
1861449023902750
705520506267907
839899279717946
2008474709163395
282848882317052
147732429191015
1909605589260227
302940887221391
278051246173879
2128413350779162
575032692663264
185648191932688
238809506689365
267070607338128
1162604090554837
250399819175165
336538490119011
215844789316432
2230229757050969
2180149265646027
286760075316354
1981917868750304
165781894338928
1920030018036730
2280582545530951
188814128736555
1803621473274915
538273553320656
132371407482618
193225408265328
893963494111915
1948808352111566
319718041464688
1078096748914167
