571438159571096
1611269282512280
1616519072000790
1087987231330695
1941879866047311
286580258398411
436054013625061
490791657686465
1751807731739395
201811343716657
407418805960801
691371274718469
172808802807948
993247087531036
1503413916361382
467993290638917
810560982439204
1045368762236759
282840265994967
1678864609065057
1057874371024463
451716648272741
351220251964169
348191915341352
570352019827399
318253718714732
1548220741878084
2215796152082269
689853147824751
737268689628181
208558639757180
2191930167490067
472585002799282
1456505024494261
395991457571400
2320012031596544
902116763238423
939008246246807
299932460842560
158737281551245
2018116925079353
139331299556275
762621163891109
2086541368335496
