365964876854470
360847247737505
433421447081769
2196458397307533
1956402211244895
216449082094135
1674052016240501
607276739776992
187627462132044
178892602486554
653376104745677
486012398154785
328953797298577
121326861274359
1602879123354159
691750507571012
2318450168440224
756030971234775
1719980391374411
172515686239524
1619271538354356
430467624080022
711314705668566
166594820151945
1856035851183159
822448198095067
609365506085319
1516635758453622
269960759845511
365593187287559
1976975925916987
795586320591375
603553260080058
442332025967437
205036160283343
199878407459149
2232318977095047
1478392435533147
1648698712041050
1067653279975695
426824501119485
