1548632765392070
1443290422459760
364859850918384
151733435664851
1542168122756357
153895481968982
281456859352293
321187961363470
2412764118763762
1540849166171346
1594857057481227
378886359264098
2043519485873026
168289760018573
209288416092579
1393790524270833
881038365256997
461337754027815
873426426158283
1475876709384341
626800341041106
428034824016022
661718924009278
169601773619564
678302105694866
1095579053808721
629136263824963
1238953362801496
107179132744839
1484763428452042
257935217914259
281094552632631
283948809113831
