838102469568444
422578221213838
116345235188714
573638999797501
470081219995696
370667046745330
262072544446633
681569282043091
1844532065862027
798083236991353
1032294813478180
444977912905954
284663859098070
180381835873047
1429737547102743
757230531282348
815450191914152
315841005509895
1984983208383493
135982180383114
1684651358493530
467411760341134
355299054547363
195859614473090
116317899031234
2084544241826145
1742520269120738
275955446415356
1820713004642900
477488436125904
165611627382216
248828572316134
160444181376457
2128397767383386
245738532860610
460709834131520
