603879913082562
928549380553156
167569669928288
189984264787058
127644431156466
2064799520470140
333739930628925
2241403002603989
1554226884817692
295972931205824
1616667131916326
1020116164686084
174023686398399
474966629605362
1096191947125458
713044625489972
1890477441280455
255020391589242
2029107670671456
324976664364338
192343758237420
1840774399498010
384833105578642
106505269689053
130149553833067
563369247338758
307710216229729
1901381776597782
1941523089409187
260597737679395
1643511005953227
179603938829574
361812478008299
337196773507356
266036494034743
772569332843300
851992311666085
533150586761630
344074723053152
906330182744163
287136688816567
983878711685035
1096558357090663
108349942910460
278138692822889
788378327846101
420933431347886
