1530995393605202
1585568141529104
850013001728241
373007246157736
1906021919628768
278125442391091
1438632919755789
948904941903797
1485176395054275
1100427296744990
306786302849127
714531185283224
1646416298982444
454042404986708
1713336978882355
422873431215351
1868458163400116
1759602254327697
479941778829126
241975256140946
1614146318623426
533569080184063
213662529034866
623755307734645
1738188496438336
1106612899371466
1504474049827851
389980441497567
1812664969033186
193187781507966
178560232564062
2114702878754610
2062445667413632
1912854999023537
1766087173661484
212594846015730
1961967910761844
1738922672988924
749694858574500
434982517320019
2257896767575525
440828972792678
1367843836695633
134252783918391
1526603250822207
1051590788251292
644936152559960
176308703112821
190277371527069
195483084278673
