1911119432502301
1641120722804247
539174919809665
1970713906273510
1064927423702726
626917017812517
573819649619320
148773842396997
1838651806421288
246933925685884
192392454708376
149985495665471
308419076238310
902119629949119
1209295105801230
319718041464688
1857497534261957
490392204475471
2184784025080800
293270961176629
492618744148423
1456770551270280
169880220551367
407644389435740
197856307500567
1001126080034392
941736739325439
619327331601996
264023471141580
530750957401787
1507394112908118
260104444592951
536386676402636
552311345219230
360628627763192
280990035970654
254188365070871
943912382415432
2128994673995904
813889488993730
210423879370466
676784542685266
950184071816912
2145621355671989
1624697731102217
465010943865989
355851571820472
1969282173402106
150898152089040
792282181121805
