1750408875260326
527090904139287
1351351508256147
322069308297780
1393790524270833
428034824016022
2756941454347813
205666086823140
1375031569213561
208003219832963
404529140357957
1416074675332082
2043519485873026
2254936761266788
645833949143232
772195429780661
1402775779771183
848663161828723
2103388026397607
268708263754970
1594857057481227
1035870103214552
169601773619564
598950910273045
576438022459635
245408552526721
2401910346723429
1531888557115663
648881771913505
2026768517605396
1864511167199424
873426426158283
677971579245958
205796253205438
1635686653387490
254679605026648
213296959209341
719870478027701
1190888561089340
454038864739238
