715892978925698
222815644911104
2005607686162220
1673265409667421
177585676175218
171133596818703
325560754207698
429565703820956
1226420984158251
802955863223339
282246475617192
2046340439003916
493017204388634
261369257778835
470931236636682
434580740738581
1233866160066174
648824455284007
1604510786492241
586168834913475
594403290911613
376737519422863
141641429789050
375944572969536
603860716617517
303397797118651
812487919150154
642849275733203
1574957829242405
1819982688329711
555272891527664
204736539934043
1450943148565545
2034527650172643
309585059897888
252380175285379
480886829106290
1628279174090975
2073076826320140
1313452198755162
1944887235836195
141236382711315
613009595525457
2035838669777288
1855555021358932
123404134965614
561641434379508
720101774769117
1445638188896355
1425213927507079
814380785420199
1300245913481210
795586320591375
310903286474733
262065344513138
330202461120948
2763951163678968
292468168022096
219508698583915
1898074067147907
1504712553080026
395096871422760
557949114296051
1598211033565290
574143686113306
2307327462869426
270057893100639
548889428901264
1052995434893933
682942525119588
1905206083073072
945045615835559
1795799270466907
155138521856557
367532903631156
357935781747071
377516945787631
632335753797878
205382599949918
2690926814263718
2127450230816123
559390984564019
124802211634567
423207468239987
284169878335714
1305294656240142
1830721527254567
209871386382497
331657410557241
1042514179104263
547180515807151
958094514545434
475517546356757
329616497929287
868354306651581
1712595312400149
336491593495654
