1008471189279582
963570397030667
1523656571271673
215987968734895
196966757778771
110297286349364
2821338947939099
979783795419179
1056028507825978
583039568708810
291341234804175
1793659414244689
284702178397325
1281246891916247
772051852862426
335642103648581
351444891965831
653086624842474
1672859386358297
1373773352664946
1674826022763808
327057610826760
657330994293335
407819566690529
132871287384893
983029558494028
1097274567030720
1406446779394731
475110519579611
145232179160227
1187117304746579
293862591125363
346802968778063
2597620806937058
407210649485771
403848213327548
1224584284315419
140035436832457
1654952197860274
439818446423290
1715552738673870
1744241159215266
731157600339548
452940491785146
