289273254545657
1481181585246492
169004813697681
1603177593283052
1577594069171903
327580510968576
397292683668096
740532102775213
2083685068511568
1877980042440423
351990821872945
194737014297626
2256982787861139
608679759493257
1018619011628718
323187291524675
154293035239109
1822410641156416
1996138027293347
1842585042703950
129131754443148
235366856826734
676713562702412
2014993785481173
2065770087023150
1653008781579139
102039557071028
1876495815916502
1373842865996674
1420799288192163
1500534160188730
2170527673199759
220526021929834
390771987967129
1299941400068513
181231962070553
1887108074913062
313737072147581
1526738724299576
335089400283645
133430133882595
436806270157597
224231231420136
2121218871475319
1827090034271632
1752210858415641
255825734870106
318786455647319
739371109590392
437937716394936
155238681607395
1480185875533351
1261118027341356
188377515395127
295319757966252
168985617160650
1789277454691459
706574509437740
738679196294659
162134544213371
