1239628419512728
418197315259507
2102858753274815
346394828894805
815077955307758
415805022215182
2133938380214298
1737336186587315
1449981215258657
2143059932650976
554698438045885
335608623173218
1799956543591104
537059193140057
445826225895957
349579488781605
1592768797703896
1129219203835498
1625598664356169
1938050009847736
538378273219865
928800213824761
111347412873580
188916851746999
1615803275342500
235025383630753
1176043455773475
1868257660170352
1515993055104584
487464528412075
139629136658915
2264911117060804
269676903482296
291533234722956
201420427050570
1652928224937468
2225601270805694
191858758308558
641860629303378
817583275009930
