749191371831383
1692037731100081
1468335613186853
263479240820104
1149703345113492
666913790037167
728485710572959
1639248803010317
137292773644609
106584670094311
280426645977016
149475822464656
379972675452405
424754834233247
512825519063644
538421066289351
1956024511075014
271160196356017
496891440484639
988425537929993
165370604018925
655468588140491
876137025911468
151614011652494
550208278843051
545750752133587
192139811443291
155951105027754
622521427888620
295523147815109
1427082254263961
613250188688652
1937530156493825
284791471650710
1291361280915534
158532811166808
1572238622807420
484752918389099
2256501797914487
795643853850903
114965025339938
470911333111935
355314398232033
1092071347637347
544236252695316
530562370432862
1561107264183992
1043795309082144
180557972870079
1615263715415780
1387587581291757
1456048387982463
335088990312028
