2010987545893057
1624749494510441
1794687624081129
295528477649526
317701785469200
1949470025131037
465198710212415
174031135952298
704168706400739
455914847818867
209350399623931
1637452169610456
518642728717869
458521311326574
377688025722274
741796592517342
299812996842574
894463870644490
469955440029616
687284398142152
1638915506332311
347468812402050
355988807811294
329664910569155
278663855957003
1699682363596255
829801123756497
347789745385046
2089588631318416
637874606602049
483928399085644
526215767735025
1529159690434466
1482546048663331
1450773938518677
493768440812938
193128031022295
481077145989518
1536953446325596
2046485665365229
152429498668585
1501648953468519
1480335358848077
348725688838649
1516112035154757
260667377751141
1416229608686881
324034398026514
158618661506339
106478876483472
504190363074054
186284801833925
1510502332537916
371850082857781
480049838786907
906994029313711
999890333385053
1984427741837410
299389774088948
171374519700866
290679804744997
1571381522900438
1640686339546233
134036077044997
2217209738508688
412716412909644
2033029540077439
890249767775792
340162826727387
363924553773925
514454179101440
500934157394220
188431771659296
411723135655865
370103893451840
798277156884488
415871305535484
2245550038994313
269822350099142
383531055707947
448655559124134
231495520712994
638696193181931
925042101009848
1836311636588581
220689691816721
1481811061845344
675327542585838
1520980294845132
164105440941356
285085841930628
2077445322513040
368243779979998
488663458605232
1587864678200664
1949739802007529
487227817970737
399489444062428
163560154325673
2529368660430639
