225198994664862
275674756552902
1947021922220118
1897274490531517
313991802113777
1511659418956024
1030032477134906
2196660147231003
547982088605857
891709107576367
1641363889209541
294764207719079
142518446343216
1972501356399129
552563535082863
1842585042703950
814125648758357
369679403523380
204935893609129
319059841982622
316779285821211
191093548053320
166942360671626
152117272088663
616658848446564
449843901892674
1272407916219387
2410857442317591
2099086700136795
840757989383598
294796951353412
171103167151959
689165484523441
257594475162714
