508411536026054
1676578535905375
1787066648280339
255858994511081
616734738469807
330349717090758
2252049355066950
301622569986163
1677498682292277
511279089211547
1896058803966153
395023527502331
582350338620796
134382773854280
463480867317465
553722294693315
305151173296133
475420706312370
1873674009553343
122943975065498
1917043331646258
1582496875158937
225873577931176
383453621698654
158442111480886
139946890208528
217118842221948
251630132103118
270432973569709
878567515666818
183134592371580
139186726708452
2588082607933221
783621361984074
228666574207751
1482626835343885
425524664304591
1225567687462439
2014304065464469
525036991190040
344419602679332
788465977918803
308905346191282
1935709276747739
