1983835191701296
479843565793652
123116161619507
368698476630471
154362801673336
264292347041953
108757516583030
264846833886893
184085025268369
1103048153082966
256506321136779
1826787617399125
319718041464688
131942476971113
307963623358864
1362279090456478
1573166649377023
174548946759532
494023894278277
145971692474202
1730595020584244
1911119432502301
2183070531929590
1209295105801230
171076470160303
190227648142747
1761231377490564
179112262432141
197856307500567
223475167856228
202114470134549
473501726546863
370833267157714
264023471141580
1970713906273510
1507394112908118
172140976767017
2084885131561084
301375747421739
1741096309512211
448832721979714
1272938016152902
384448185237185
788378327846101
283314998828030
310506456526269
498656683844167
1101170073375988
1766875320278572
310601573143383
781074362021860
126348794234977
1618911355006587
876689279025944
549301138447203
1390167227872503
