1699950173616728
412841188821728
426580727455278
1579100812341994
626407544365572
226445294381590
1822582144620783
1497300357195031
816052458485676
151511295430646
663336747069687
1956873281267513
1041897132547957
499960130185718
1294923030598727
260466817687401
616741052001858
287439364972582
179083142681366
1869799299907887
1007481435942257
137867727047260
675547979210433
643062362711518
184262115682812
1014552305298862
395412637554912
2232081970169612
757916104600073
715148738535032
1020616058098767
