175660209116814
437561093268230
1553510724931795
121488875260990
1677881922486854
543578926036938
582089668545218
161745867643667
192520344692724
507052949632868
769594566523808
275712962530384
1739115306115942
313590418991072
359167124463898
2053834584947146
605505412851123
1020868507951962
681613902214435
719280854836199
675154692571781
539670666205803
723620617840438
1733498690002727
396840467190351
1871009313037654
277962339645580
399370360628898
228326871181178
185845328884883
865280546817877
1702575893294642
902181783227700
1331148953685056
318679922300965
312484225623909
1764250270507360
840801876032532
160005574710681
1336285719777508
1943435099252478
538978002912286
774067269282955
374620163309623
451122651649814
243745066224359
110552736001761
261106650750382
407531892952572
