2117216448319171
823470197790447
1860665834154108
424002035019424
793499740797102
165285505979
156262168325395
949698455080519
346394828894805
230413657148156
1088034011286766
111898629482737
291161221248537
1462996017132443
765927746855947
388037894721376
269744236946252
1966986630228631
377690072279781
185279345292683
182034752139504
538477816513899
161685441071347
1485307071703714
1636835566331850
792058867539463
1449981215258657
1591025671161649
211871636065360
1439089702821377
158435644351073
833427356835570
592301240920210
114699595873711
402143903543873
423091678096085
423444047855782
835872313220839
373069903344794
1591117801101016
1021105311236074
639925606512125
768029370036682
1224251917714981
1615803275342500
257400908442814
578290009325523
263332130850550
1229961383848352
1672606913053336
1843627285962516
318650959085005
1938050009847736
439853716615565
1614986298647651
