1507011402939238
180714896076167
102361263560153
1803430449885502
1952194918328243
1617362438508647
1960042157646540
844485188916205
372475323193508
320039535487037
890261767726718
1305456236142886
398501656866263
1521862661370506
1588224547884648
222126651615164
1968286483294855
792266380952043
4301061554
573293689544887
269406493529140
113002105724620
365729463922414
325516334565559
1765266213766927
653008318182051
191566978191810
606904643024282
128615737761334
1932689037027581
676327735900680
516893221759857
1828842920467591
227362707730015
339510946423496
1234043766740950
2019571418323166
2004187886574687
458971617851655
1183923128403731
204791560130934
1601370299946242
1738389689708449
627792660907217
379677608884652
1991112117786837
180206129580873
653926061462713
536786076474818
1842585042703950
272928926757681
915492248605945
1718431925119863
2017568571857288
898048660371368
253914622077037
243759296132831
2055570644471490
457300497981031
243661249370946
115366302492096
457452884613043
538941066536965
1967799006814741
1907129469528066
1545247322437976
493080317742860
1976477939238462
723966424342153
1725124597701215
2140636882830693
412360699227568
118584015509158
484853944881691
