1944330845891484
1630607073639195
1282646358442249
719236948136139
1669243136660143
335631123508485
2045978938974361
236481089807524
201704383570120
211871636065360
1824085374508276
1353359994750153
324509567911013
517697771737930
223740041060805
308206562551140
249919702377018
955614761156000
391421891211533
459470627407885
982522955286375
940306686020415
532930287154857
1075626785876191
119423891492447
177753628984953
1706059683035806
282324828840718
771467756296945
956711444482513
211340182761811
505278332849047
1760210604197862
751378271658454
447061032045576
2082872775331248
1387742934630831
656509478134675
737452329661021
368215560386775
