1632586833638804
1643200142602681
2025012174402061
357459107932941
165492423491909
1230787970448380
1697002167224145
1915742332038153
1659842480912108
672850189576027
287669115023433
365094013964792
1671352566239054
2057572984491457
1722435298064775
739088566470227
124998928086730
486617281440204
1877276889242731
2225639177763939
263139707558088
572034086269898
1940126882888346
509512219206170
418300578635612
1555585097812508
158529298100855
1758231927585812
659544454176761
1447159558761748
2050488541930882
