1134527266639616
820222641363067
245917032619238
1626867534219052
146469875951339
1972231952891291
511875732226313
100802116791906
1325407160914580
451122651649814
2024744650888045
282016215526337
200060100155400
491773897571760
390258661087224
1528324320774341
1941406006097737
143389902960091
306896506359459
1382459411976600
774067269282955
1283578265098477
1543564405692280
239671746104893
347552045370829
135507347160110
594278597591033
1428987320744845
2370552673221314
898031207062031
2541899099172599
2128741720752362
761133994009683
1913098615375194
183232708753440
515539088835658
1624488600934712
2157324831171685
733751849973633
123495561443069
275712962530384
594736550639372
