1232155070140426
389398707848911
1287712678010625
342449359528961
107407153282844
1593689587363504
140571203089072
1648324438587877
1901769076763693
116865509027365
430055070763043
1591910950848995
104210523433391
147369499180994
565969087122233
1455402184565456
167848757387326
400592160519252
519591858385535
2191691720891582
1550283945210679
2090576501253594
1137756842941794
316172325424225
421077138062710
1591597414432262
1872458593015869
120899625222816
1920511654882884
543709519399908
502836810275158
1272203036256279
573951793094677
593613157795634
243009369599576
139318896733072
628666254252394
339844966383944
250090785692667
114699595873711
494816460995432
1769375073378312
747469112079151
393544707481623
152981531904824
1889908601289636
1705415616397869
153361325311912
244009059498346
264846833886893
362228173958804
1622401107823579
1828842920467591
256506321136779
202114470134549
737452329661021
