362228173958804
264846833886893
107407153282844
1669243136660143
1945916842303930
1796994216979696
711816275694043
839183436136791
2216120195278758
150898152089040
501885966942208
131942476971113
1509130256024928
1417526988355828
1452630678157228
231947990801290
259771064856305
159218511688533
1697326690359817
2089362744697341
479858599065676
844496775925946
486218274874893
220028958474708
1955120914576777
1618611468448331
202114470134549
1768161016838561
1785215998389982
137359540230700
677970479302588
1523226291074480
343453519623281
1885093681714670
424065171733661
449613129168472
1463776190397794
1969282173402106
933702630010045
593390047798356
2056229084623771
231699120742876
1641587449318280
436847186473883
1144961252353807
553404901521575
369433466844758
214111152725632
664588757327778
361991300984841
144253119644859
140073026713335
491321517908219
222582138167532
467456107103670
518836491499483
177325572780263
1012292275557606
2092928357389789
782338882142163
2430128170547342
809044719494111
274607966237401
