1572677576373982
1507115986184038
262548291033925
179667222173005
653577038167782
1545300312147366
251750212150509
1890202471196675
1209944055698495
1689806924368462
156809188343703
192392454708376
399958207579299
231980943972946
355289031655472
370310920139493
632372283826214
2041426502764993
552311345219230
689648961084200
347321512500699
149985495665471
528036084343029
253451961721519
313219475759950
153722025268719
211139699289057
2248058515474877
316779285821211
1853286294984635
1593550467370141
1553675521600521
950184071816912
674878986217141
326043304269806
407644389435740
2266106980126121
494999800599510
775785965928031
1989594627925722
620498451749127
2015810072080980
357630237697336
352073262004475
512765339237185
619639121798360
931621340245918
1248189291968698
889858334553450
830288573819247
449605195610642
1483958064975963
797113770487520
1794884327221565
1497399037256482
1458638981094204
789812064433929
915539095302936
1966399693419549
1667442383301569
