260383104324161
309593432569691
172941956376401
137340910284928
386982858385323
182280531927127
526759727430828
192674664681172
738178366272839
1791525854431785
265144243633341
281006489067633
872312409616745
888616881284771
830269407077887
1045919812426235
1476245439319748
159679821413987
1072969272813020
536117343456058
475152165861542
1764818923787201
142483855856036
1159647467413985
2296301890641041
632904883479490
663311907183271
1413613418850314
767286446770450
1826329354119435
1430211133857299
569746373465045
174853899761150
2107329115948230
