481393922278947
1860302947517841
143640369560731
387786788258932
856272347813281
1716759801875402
542947012719989
1101296869990028
2189807124599279
1628180824086515
1686742244726203
1616170442009646
1834144203510370
798698357166898
261308350912503
334416300488088
1470544426557112
429078147150060
243516509539743
279401412482472
510673665724593
1655000164769998
260661631025242
249911322351963
757089144451499
1649447105357467
113511349283249
1150892254941056
407449132786801
1055297921209055
179191639272471
579466155409159
