1669243136660143
143903136359375
635962823155004
1543373159222468
1216335998458228
335631123508485
1384506521580724
1630607073639195
1004016212996147
631341090210502
1031103956914717
1570606489924374
813304588841870
955614761156000
555791534608325
1363589980456331
1906845642935225
1879464288983727
1411803995730821
426583507782162
1723114897731529
1731260970236371
372390129825516
211871636065360
179549258914504
713210278787430
1730848947157326
1680637058614326
228204107746180
2045978938974361
506235636455569
397877940279628
252522065329106
679192652285711
2106780476269221
1623439301253456
480606848709224
1105225096280587
1832272273713985
619387864925384
635959933280449
947815915406792
2082872775331248
1902462300049541
277929089476648
490047261509347
2076465269331402
1194950360548194
2747471945327626
649937511871123
2290678787847282
254227698787943
174316896692529
2096334287334743
202114470134549
