708072662683153
1116584495024145
1503711693247507
217352738810930
1577594069171903
2020445121550055
311899682799272
352933075145775
205225633619728
208006179716457
2102858753274815
1639747629672655
346394828894805
1471566046395080
128550101043173
1507846939464743
1749099942018093
1527673454152969
1111037458965366
758492940920958
2055206251162006
656135667873828
452385688292819
326271801285078
185072248327256
177766339285211
183869175743793
505627839499760
880481641988061
224360494320180
450023258539703
616513275476105
1610444679171532
294865794441479
1661156220788437
1634768753457859
1467183083391114
1700365236913373
1548425932119040
1680170322253382
1615803275342500
435814856919349
1793176597409513
1129219203835498
2279154865667443
607362422697097
368042896727084
1778983095733809
790583617712650
1652570418400731
430055070763043
103439353774697
333850613491188
154340035206396
244009059498346
