603879913082562
420933431347886
100481580598037
316172325424225
247401716068899
2029107670671456
788378327846101
322008967984765
1577594069171903
332820537161055
1790686704513788
2078311188917127
3031492916884252
1460340867445308
140094086500172
257072361494727
119348801602249
634722276564332
265021894031663
175009985968387
288024838246037
206912466642555
293600117831040
781074362021860
1618911355006587
435384676548693
264846833886893
179112262432141
494023894278277
190227648142747
202114470134549
159541264842922
1103048153082966
1498810003666679
256506321136779
123116161619507
