952982888066706
773387592862362
1711162769179173
318979395268456
1803297253257910
1056561554490968
244229089333917
124176294917700
253143212138804
450131348659081
2317985911760984
1487875384855203
191588521427656
195528717719700
751268091586039
259017537542557
107071332965776
889229071249189
1588421001371037
116061625708651
545506652487614
1811247289172919
682067195198465
1609942255949995
2134430623487986
2002071359866562
848319821854031
316320981905635
134601683891707
1618383325040550
1924662291102275
972290459531982
