2002867319765021
624028274395567
1639747629672655
291158311093303
177159672919979
700362403492047
488520864640685
762206187191012
171011626578072
1663651253889619
1598875833689044
190882041444181
596300727175014
159679821413987
1211161112360887
796759240394966
422059407911189
1383390218550102
1408757419188713
1658798897707731
2178662718849501
746468152472804
790226678118881
757484084334247
110438806469083
1727753984220096
1023931664331776
2386964057991535
487706088001439
387306114751340
2296301890641041
381423468999958
611090432614458
1071844726203492
740415872702579
977668068930886
261983911128598
499977136831595
324698581218347
755276367855187
1513918458851319
310521719292775
1843656952406453
1476477449285099
