1418513205093215
322780551160771
759924387352662
196966757778771
1299695676831376
1442372239398576
634032660446159
806557629397492
1867270493586960
405361483497968
295299637646425
443615676132013
1821191874820434
882606198483384
525322294341613
1105738099439985
823664714348873
604679366291653
656984701138509
197916197507063
237956266993422
208227483280666
378321118959330
230980653728927
188486814894322
732309123448686
794116813953561
373627453130247
1853286294984635
1429710373997184
760327610832815
485810974883215
141493486565555
1188934134578332
341011653308906
283948809113831
142785939694254
1625332240858885
681924451968505
1110638755623537
786704948074487
1208488302661149
