266163190461711
395733830511064
587102674734126
1529647570649050
1768554710047887
1571694169757055
1625216227799968
131188690912003
170491787022516
863971293642479
885512618212687
421295528366626
1040504179299947
153620321938525
1724345861187507
205067670007309
213770752046399
1477557585826783
729875793838832
137278933599525
1661365594192406
126589674562689
375088266022557
132029514137407
383910802021961
502312516641095
1345999452212387
255003071911907
344685065952957
1725723814355539
1405817492868479
197741240761097
1659239384147390
297287590844042
1805607429662034
1703438036624536
379807022146363
398476276933734
299996763872854
1153693604660847
1686209248280682
316390862453363
1837908712944127
977454472407058
1254065564757960
357504171729180
1257239867704475
586347861377301
1616820071868516
1793176597409513
1584101735239970
1678048202424130
183941775382141
975411419220273
212158065617096
