1426428377657295
1362279090456478
813304588841870
708950109297924
500981593250008
157451808156119
1952194918328243
2043119765910158
1618911355006587
781074362021860
572481122945940
1967981023453462
394829070970908
102446963704555
976001635828652
1425203264257515
1980255795574351
1847138428893511
219562881921202
937928879555903
2056711831224649
245814902663498
1739115306115942
386140584923423
1923228781300204
1660455257504355
169892926701955
252502488481060
148309052415980
1532055257034885
281184089051767
1567312156686871
421987044868346
1940255296200217
1322732307784851
1911119432502301
1970713906273510
1639747629672655
693159467696345
144592889536885
1704450319682087
405244942978818
