1566270663671182
1197176753664064
1434113756803902
225369367902578
152826985205122
352127958273113
738811109511959
1928994233822316
2124399311126225
325194050886134
228100014463329
169934546759523
203327270375824
149089402399763
1703459463243509
1226149300903145
1514522885429840
643314389341841
334185647086752
423844974856519
1233929496663830
350550522024168
376884202469890
324482068336233
1425059910944463
283541658811894
1551364385109476
598683370291071
640130599478490
1593895917561167
689327327773807
455742651694683
100995617156976
1250218575125266
411976679271707
502118930158296
310865626517520
2031904080370801
533887207040297
1190349261022631
2179999275581727
428512580911940
685072301635825
482514582163346
234912133749679
126163804714052
251140928586265
798007020311295
473485623150511
1132979440056675
130661347143096
1674657116012708
1663547130543307
310242439786244
217340455527077
1111746782350475
1418100535141278
1562578743965616
1691295214514401
