1675887716006234
540605962675446
238148093210663
196232027228062
116697878872870
1849081708669235
221976311338969
177460512345861
1238953362801496
272565209882072
236638850170312
648881771913505
180896566133659
251457035291687
408387972871209
1282556091806119
700671473387955
688849661531215
431971160169899
403394000021613
257935217914259
1163336633741197
611748859279240
2358583717800418
1894522757444301
2026768517605396
292776127991056
1265018263536061
310849819493666
623052864879069
205988236546085
1728610280541478
287372391692354
1421710981484126
2471014239791102
188061881385340
