1816131523
5587576645
1480239878
5373082312
1664212431
6861468623
227894483
1635247830
242876247
1473666682
8360405019
290763618
2231620132
8628666788
1495070564
217767531
177711148
1970045872
2459969014
7213614582
284813112
20737252089
23189823486
2008121616
1465785365
5833947800
1941912091
604590253
328919725
375405873
1471301054
2971013441
218669890
6074539074
7906838598
1573062730
194518742
1649261668
6337970662
1404015593
1561663722
531892210
1421120120
1693591551
3907010442
2164821260
7463920397
273657871
389987601
6231728466
340446871
6119582812
40549853
604979871
39664101
5704831014
345793578
584911662
49392641
243168131
3317057417
178306316
596223372
405246859
967282328
273829274
261641376
1558356389
1871399
9711543
194096451
1706432838
462600391
214203219
5617109
276000733
642431840
547190752
5668801643
633152113
190139768
2075761402
3618359811
998983306
193378957
3960654611
1466044953
7185564314
4217805992
4223344681
203027756
208298931
383236164
5877747269
3486195015
3547462988
3166049234
5493990611
292998366
1654072800
190930275
5882684902
622668520
1465976943
4093844720
1432414832
352651505
7214836475
1131407230
5499595718
5458984776
40977807
4506701780
1419511959
2958181080
4498500891
3106457500
1239589278
235329183
2666286367
2017100705
2060003935
5366853730
4034240552
5736479785
1558009323
5337214836
3076162043
4818562235
4780471733
2992056320
3105347461
1037863946
1561393814
2135650903
3619836581
3279012460
517961912
711356
2939553214
4920752130
4185163140
467037062
1545518412
3040861263
614680913
205632593
596136599
54087448
38095256
1767242842
4003414812
28278440
1583266673
532728453
257185543
4054893564
601860365
33233816
977408290
1658727461
197158710
180039738
4107013183
2286554431
